[(43.7588084, -79.1678304), (43.75881, -79.16783), (43.7589, -79.16784), (43.759, -79.16787), 
(43.7591, -79.16791), (43.75919, -79.16796), (43.75928, -79.16803), (43.75939, -79.16814), (43.75949, -79.16827), 
(43.75977, -79.16868), (43.75988, -79.16882), (43.75998, -79.16893), (43.76008, -79.169), (43.76016, -79.16904), 
(43.76033, -79.16911), (43.7603331, -79.16910779999999), (43.7603331, -79.16910779999999), (43.76033, -79.16911), 
(43.76029, -79.16936), (43.76012, -79.17024), (43.75991, -79.17128), (43.75987, -79.17147), (43.75985, -79.1716), 
(43.75985, -79.17166), (43.75985, -79.1717), (43.7598501, -79.1716952), (43.7598501, -79.1716952), (43.75985, -79.1717), 
(43.75986, -79.17171), (43.75986, -79.17173), (43.75987, -79.17174), (43.75989, -79.17176), (43.75994, -79.17178), (43.76003, -79.17182),
 
(43.76012, -79.17186), (43.7602, -79.1719), (43.76063, -79.17209), (43.76092, -79.17222), (43.76147, -79.17246), (43.76215, -79.17274), 

(43.76413, -79.17358), (43.76423, -79.17363), (43.76434, -79.17367), (43.76445, -79.17372), (43.7644509, -79.17372399999999), (43.7644509, -79.17372399999999), 
(43.76445, -79.17372), (43.76443, -79.17382), (43.76441, -79.17393), (43.76401, -79.17571), (43.76359, -79.17757), (43.76333, -79.17874), (43.76329, -79.1789), 
(43.76325, -79.179), (43.76324, -79.17905), (43.76322, -79.17914), (43.76316, -79.17929), (43.76314, -79.17937), (43.7631, -79.17946), (43.76306, -79.17956), 
(43.76296, -79.17978), (43.76283, -79.18004), (43.76276, -79.18018), (43.7627, -79.18034), (43.76264, -79.18049), (43.76259, -79.18063), (43.76254, -79.18078), 
(43.7625, -79.18092), (43.76246, -79.18111), (43.76222, -79.18214), (43.76219, -79.18226), (43.76212, -79.18262), (43.76206, -79.1829), (43.762, -79.18319), 
(43.76195, -79.18338), (43.76192, -79.18361), (43.761918, -79.18360539999999), (43.761918, -79.18360539999999), (43.76192, -79.18361), (43.76224, -79.18374), 
(43.76255, -79.18388), (43.76295, -79.18406), (43.76437, -79.18467), (43.76479, -79.18486), (43.76482, -79.18487), (43.76489, -79.1849), (43.76497, -79.18493), 
(43.76503, -79.18496), (43.76528, -79.18507), (43.76551, -79.18518), (43.76623, -79.18549), (43.76662, -79.18566), (43.76687, -79.18576), (43.76712, -79.18588), 
(43.76731, -79.18596), (43.76742, -79.186), (43.76749, -79.18603), (43.76755, -79.18605), (43.76775, -79.1861), (43.76786, -79.18612), (43.76791, -79.18613), 
(43.76802, -79.18608), (43.76804, -79.18607), (43.76805, -79.18607), (43.76818, -79.18609), (43.76824, -79.1861), (43.76827, -79.18611), (43.76837, -79.18611), 
(43.76848, -79.18613), (43.76859, -79.18614), (43.76865, -79.18615), (43.76874, -79.18617), (43.76893, -79.1862), (43.76906, -79.18622), (43.76923, -79.18627), 
(43.76933, -79.1863), (43.76952, -79.18636), (43.76966, -79.18642), (43.76972, -79.18644), (43.76988, -79.18651), (43.77002, -79.18656), (43.77013, -79.1866), 
(43.77031, -79.18668), (43.77041, -79.18672), (43.77047, -79.18675), (43.77048, -79.18675), (43.77057, -79.18679), (43.77075, -79.18687), (43.77087, -79.18692), 
(43.77096, -79.18696), (43.77105, -79.18701), (43.77107, -79.18703), (43.77108, -79.18704), (43.77112, -79.1871), (43.77136, -79.18721), (43.77267, -79.18776), 
(43.77299, -79.1879), (43.77421, -79.18842), (43.77475, -79.18865), (43.77513, -79.18882), (43.77558, -79.18902), (43.77565, -79.18905), (43.77573, -79.18909), 
(43.77587, -79.18916), (43.77594, -79.1892), (43.77606, -79.18927), (43.77646, -79.1895), (43.77674, -79.18967), (43.77685, -79.18972), (43.77714, -79.18987), 
(43.77754, -79.19003), (43.77839, -79.19039), (43.77843, -79.19041), (43.77847, -79.19043), (43.77873, -79.19054), (43.77906, -79.19068), (43.77938, -79.19082), 
(43.78001, -79.19108), (43.78035, -79.19123), (43.78346, -79.19254), (43.78423, -79.19288), (43.78442, -79.19291), (43.78472, -79.19301), (43.78485, -79.19307), 

(43.7853, -79.19326), (43.78542, -79.19332), (43.78556, -79.19336), (43.78562, -79.19339), (43.78573, -79.19343), (43.78584, -79.19347), (43.78593, -79.1935), 
(43.78602, -79.19352), (43.78606, -79.19353), (43.78609, -79.19353), (43.7862, -79.19355), (43.78636, -79.19356), (43.78642, -79.19356), (43.78651, -79.19356), 
(43.78675, -79.19356), (43.78684, -79.19356), (43.78707, -79.19355), (43.78728, -79.19356), (43.78738, -79.19357), (43.78747, -79.19358), (43.78763, -79.19361), 
(43.78778, -79.19365), (43.78787, -79.19368), (43.78794, -79.19371), (43.78811, -79.19378), (43.78827, -79.19384), (43.78841, -79.19389), (43.78884, -79.19406), 
(43.78928, -79.19425), (43.78934, -79.19428), (43.78959, -79.19438), (43.78969, -79.19443), (43.79014, -79.19463), (43.7903, -79.19471), (43.79052, -79.19481), 
(43.79087, -79.19496), (43.79147, -79.19523), (43.79208, -79.19544), (43.79238, -79.19556), (43.79274, -79.19572), (43.79283, -79.19576), (43.79291, -79.1958), 
(43.79321, -79.19595), (43.79365, -79.19611), (43.79394, -79.19621), (43.79429, -79.19629), (43.79489, -79.19643), (43.79548, -79.19656), (43.79582, -79.19665), 
(43.79594, -79.19669), (43.79603, -79.19672), (43.7961, -79.19674), (43.79625, -79.19679), (43.79632, -79.19682), (43.79639, -79.19685), (43.79646, -79.19687), (43.79661, -79.19694), (43.79673, -79.197), (43.79685, -79.19705), (43.79684719999999, -79.19705069999999), (43.79684719999999, -79.19705069999999), (43.79685, -79.19705), (43.79697, -79.19704), (43.79701, -79.19704), (43.79704, -79.19704), (43.79707, -79.19705), (43.79709, -79.19706), (43.79712, -79.19707), (43.79727, -79.19712), (43.79731, -79.19713), (43.79736, -79.19714), (43.7974, -79.19715), (43.79744, -79.19715), (43.79748, -79.19715), (43.79752, -79.19715), (43.79756, -79.19714), (43.79758, -79.19713), (43.79761, -79.19712), (43.79766, -79.19709), (43.7977, -79.19707), (43.79772, -79.19704), (43.79775, -79.19701), (43.79777, -79.19698), (43.7978, -79.19695), (43.79782, -79.19692), (43.79784, -79.19688), (43.79786, -79.19683), (43.79787, -79.19679), (43.79788, -79.19676), (43.79788, -79.19673), (43.79789, -79.19668), (43.7979, -79.19662), (43.7979, -79.19657), (43.7979, -79.19652), (43.79789, -79.19649), (43.79789, -79.19645), (43.79788, -79.19641), (43.79788, -79.19638), (43.79787, -79.19634), (43.79785, -79.1963), (43.79784, -79.19626), (43.79782, -79.19622), (43.7978, -79.19619), (43.79778, -79.19616), (43.79774, -79.1961), (43.79771, -79.19608), (43.79769, -79.19606), (43.79766, -79.19604), (43.79762, -79.19602), (43.79758, -79.196), (43.79753, -79.19598), (43.79749, -79.19598), (43.79746, -79.19597), (43.79741, -79.19598), (43.79738, -79.19599), (43.79733, -79.19601), (43.7973, -79.19603), (43.79726, -79.19605), (43.79724, -79.19607), (43.79721, -79.19611), (43.79717, -79.19615), (43.79714, -79.19621), (43.79711, -79.19626), (43.79709, -79.19631), (43.79706, -79.1964), (43.797, -79.19658), (43.79695, -79.19677), (43.79691, -79.19694), (43.79689, -79.19704), (43.79686, -79.19712), (43.79683, -79.19719), (43.79675, -79.19732), (43.79623, -79.20043), (43.79616, -79.2009), (43.79603, -79.20177), (43.79598, -79.20206), (43.79592, -79.20249), (43.79587, -79.2028), (43.79583, -79.20312), (43.79579, -79.20339), (43.79575, -79.20366), (43.7957, -79.20399), (43.79559, -79.20471), (43.79547, -79.20561), (43.7954, -79.20606), (43.79533, -79.20651), (43.79517, -79.20768), (43.79501, -79.20873), (43.79491, -79.20946), (43.79478, -79.21035), (43.79469, -79.21093), (43.79448, -79.21243), (43.79428, -79.21376), (43.79421, -79.21427), (43.7942, -79.21436), (43.79418, -79.21455), (43.79413, -79.21486), (43.79409, -79.21511), (43.79405, -79.21535), (43.79401, -79.21556), (43.79397, -79.21578), (43.79395, -79.21584), (43.79394, -79.21591), (43.79389, -79.21613), (43.79383, -79.2164), (43.79373, -79.21675), (43.79365, -79.21706), (43.79359, -79.21724), (43.79353, -79.21742), (43.79344, -79.21769), (43.79339, -79.21785), (43.79327, -79.21818), (43.79319, -79.21838), (43.79313, -79.21854), (43.79294, -79.21904), (43.79279, -79.2194), (43.79268, -79.21967), (43.79251, -79.22008), (43.79241, -79.2203), (43.79231, -79.22052), (43.7922, -79.22075), (43.79207, -79.22102), (43.79194, -79.22131), (43.79187, -79.22145), (43.7918, -79.22159), (43.79174, -79.2217), (43.79173, -79.22173), (43.79167, -79.22182), (43.79162, -79.22193), (43.79153, -79.22208), (43.7914, -79.2223), (43.79124, -79.22258), (43.79026, -79.22425), (43.79005, -79.22459), (43.78982, -79.22499), (43.78961, -79.22534), (43.78937, -79.22577), (43.78923, -79.22602), (43.78875, -79.22699), (43.78858, -79.22734), (43.78846, -79.2276), (43.7883, -79.22797), (43.7882, -79.22821), (43.78813, -79.22837), (43.78803, -79.22861), (43.78784, -79.22911), (43.78778, -79.22926), (43.78773, -79.22939), (43.78761, -79.22971), (43.78734, -79.23047), (43.7873, -79.23053), (43.78723, -79.23077), (43.78718, -79.23091), (43.78713, -79.23106), (43.7869, -79.23178), (43.78668, -79.23245), (43.78667, -79.23248), (43.78651, -79.23298), (43.78624, -79.23384), (43.78602, -79.23456), (43.78595, -79.23483), (43.78581, -79.23528), (43.78581, -79.23529), (43.78576, -79.23545), (43.78572, -79.23558), (43.78569, -79.2357), (43.78559, -79.23604), (43.78522, -79.23736), (43.78511, -79.23779), (43.78495, -79.23838), (43.78473, -79.23922), (43.78446, -79.2403), (43.78412, -79.24168), (43.78398, -79.2423), (43.78388, -79.24277), (43.78377, -79.24332), (43.7837684, -79.24331719999999), (43.7837684, -79.24331719999999), (43.78377, -79.24332), (43.7837, -79.2437), (43.78351, -79.24472), (43.78332, -79.24583), (43.78326, -79.24618), (43.78323, -79.24632), (43.78311, -79.2469), (43.78289, -79.24794), (43.7828, -79.24836), (43.78229, -79.25068), (43.78223, -79.25089), (43.78202, -79.25193), (43.78169, -79.25363), (43.78144, -79.25495), (43.78142, -79.25504), (43.78141, -79.25509), (43.78128, -79.25575), (43.78081, -79.25819), (43.78074, -79.25856), (43.78063, -79.25913), (43.78035, -79.2606), (43.78013, -79.2617), (43.78007, -79.26203), (43.77997, -79.26254), (43.77989, -79.26296), (43.77985, -79.26317), (43.77972, -79.26392), (43.77962, -79.26451), (43.77953, -79.26505), (43.77943, -79.26572), (43.77934, -79.26628), (43.77927, -79.26674), (43.77908, -79.26769), (43.77897, -79.26818), (43.77881, -79.26887), (43.77866, -79.26951), (43.77834, -79.27101), (43.77816, -79.2718), (43.77791, -79.27294), (43.77785, -79.27321), (43.77758, -79.27443), (43.77752, -79.27471), (43.77752, -79.27472), (43.77747, -79.27496), (43.77711, -79.27651), (43.77694, -79.27722), (43.77675, -79.27802), (43.77644, -79.27931), (43.77635, -79.27969), (43.7763, -79.27988), (43.77626, -79.28006), (43.77622, -79.28022), (43.77615, -79.28053), (43.77595, -79.28141), (43.77578, -79.28211), (43.7753, -79.28418), (43.77522, -79.28451), (43.77521, -79.28459), (43.77519, -79.28468), (43.77512, -79.28497), (43.77499, -79.28553), (43.77493, -79.28581), (43.77488, -79.28604), (43.7748, -79.28638), (43.77433, -79.28839), (43.77408, -79.28944), (43.77389, -79.29022), (43.77382, -79.29051), (43.77377, -79.29073), (43.77359, -79.29147), (43.77352, -79.2918), (43.77344, -79.29213), (43.77322, -79.29302), (43.77299, -79.294), (43.77289, -79.29443), (43.77279, -79.29486), (43.77276, -79.29501), (43.77261, -79.29564), (43.77257, -79.29583), (43.77253, -79.29601), (43.77252, -79.29627), (43.77243, -79.29669), (43.77235, -79.29712), (43.77221, -79.29783), (43.77218, -79.29797), (43.77207, -79.29854), (43.77205, -79.29863), (43.77199, -79.2989), (43.77193, -79.29913), (43.77191, -79.29925), (43.77181, -79.29965), (43.77176, -79.29984), (43.77166, -79.30022), (43.77138, -79.30128), (43.77129, -79.30162), (43.7712, -79.30199), (43.77116, -79.30213), (43.77105, -79.30255), (43.77097, -79.30285), (43.77089, -79.30319), (43.77085, -79.30334), (43.77081, -79.30349), (43.7707, -79.30398), (43.7703, -79.30567), (43.76987, -79.3075), (43.76974, -79.30809), (43.76956, -79.3089), (43.76954, -79.30896), (43.76943, -79.30947), (43.76932, -79.30994), (43.76929, -79.31008), (43.76925, -79.31027), (43.76919, -79.31052), (43.76909, -79.31105), (43.76901, -79.31146), (43.76897, -79.31171), (43.76893, -79.312), (43.76887, -79.31238), (43.76882, -79.31275), (43.7688, -79.31299), (43.7688, -79.31308), (43.76877, -79.31335), (43.76873, -79.31372), (43.76871, -79.3139), (43.76866, -79.31453), (43.76865, -79.31469), (43.7686479, -79.3146934), (43.7686479, -79.3146934), (43.76865, -79.31469), (43.76866, -79.31473), (43.76868, -79.31477), (43.76868, -79.3148), (43.76869, -79.31484), (43.7687, -79.31492), (43.7687, -79.31551), (43.7687, -79.31594), (43.76871, -79.31619), (43.76873, -79.3165), (43.76875, -79.31676), (43.76876, -79.31686), (43.76877, -79.31699), (43.76878, -79.31705), (43.76879, -79.31711), (43.7688, -79.31718), (43.76881, -79.31725), (43.76883, -79.31733), (43.76885, -79.31739), (43.76889, -79.31751), (43.76899, -79.31773), (43.76904, -79.31782), (43.76908, -79.31789), (43.76913, -79.31797), (43.76937, -79.31834), (43.76953, -79.31858), (43.76958, -79.31869), (43.76963, -79.31879), (43.76967, -79.31887), (43.76969, -79.31893), (43.7697, -79.31896), (43.76971, -79.319), (43.76973, -79.31911), (43.76974, -79.31921), (43.76975, -79.31934), (43.76974, -79.31943), (43.76974, -79.31948), (43.76973, -79.31956), (43.76971, -79.31967), (43.76969, -79.31979), (43.76969, -79.31981), (43.76964, -79.31997), (43.76955, -79.32025), (43.769552, -79.32024919999999), (43.769552, -79.32024919999999), (43.76955, -79.32025), (43.76949, -79.32037), (43.76914, -79.32022), (43.76869, -79.32001), (43.76816, -79.31977), (43.76775, -79.31959), (43.76728, -79.3194), (43.76704, -79.3193), (43.7669, -79.31924), (43.76633, -79.31903), (43.76601, -79.31891), (43.76577, -79.31882), (43.76547, -79.31869), (43.76507, -79.31852), (43.76489, -79.31844), (43.7645, -79.31826), (43.76413, -79.31809), (43.76397, -79.31802), (43.76341, -79.31776), (43.76335, -79.31773), (43.76303, -79.31759), (43.7630287, -79.317589), (43.7630287, -79.317589), (43.76303, -79.31759), (43.76291, -79.31808), (43.76289, -79.31818), (43.76281, -79.31847), (43.7628, -79.31854), (43.76276, -79.31872), (43.76263, -79.31931), (43.76258, -79.31952), (43.76247, -79.32), (43.7624, -79.32031), (43.7622, -79.32116), (43.76179, -79.3229), (43.7617932, -79.32290189999999), (43.7617932, -79.32290189999999), (43.76179, -79.3229), (43.7619, -79.32295), (43.76242, -79.32317), (43.76254, -79.32322), (43.76262, -79.32326), (43.76267, -79.32329), (43.76272, -79.32333), (43.76276, -79.32336), (43.7628, -79.3234), (43.76283, -79.32343), (43.76289, -79.3235), (43.76301, -79.32367), (43.76300819999999, -79.3236732), (43.76300819999999, -79.3236732), (43.76301, -79.32367), (43.76309, -79.32359), (43.7633, -79.32332), (43.76337, -79.32323), (43.76344, -79.32316), (43.76351, -79.32308), (43.76393, -79.3227), (43.76406, -79.32259), (43.7640635, -79.32258569999999), (43.7640635, -79.32258569999999), (43.76406, -79.32259), (43.7641, -79.32266), (43.76412, -79.32274), (43.76423, -79.32305), (43.76428, -79.32319), (43.76429, -79.32323), (43.76431, -79.32326), (43.76433, -79.32331), (43.76435, -79.32335), (43.76437, -79.32338), (43.76439, -79.32341), (43.76442, -79.32346), (43.7646, -79.32372), (43.76464, -79.3238), (43.7647, -79.32388), (43.76532, -79.32485), (43.76538, -79.32493), (43.7654, -79.32497), (43.76542, -79.32502), (43.76544, -79.32507), (43.7654449, -79.3250735), (43.7654449, -79.3250735), (43.76544, -79.32507), (43.76572, -79.32483), (43.76576, -79.3248), (43.7658, -79.32478), (43.76584, -79.32477), (43.7659, -79.32476), (43.7663, -79.32475), (43.76653, -79.32475), (43.76678, -79.32479), (43.7667843, -79.3247915)]