[(43.6487133, -79.3734234), (43.64871, -79.37342), (43.64861, -79.37385), (43.6486135, -79.3738487), (43.6486135, -79.3738487), 

(43.64861, -79.37385), (43.64925, -79.37412), (43.64955, -79.37425), (43.64992, -79.37439), (43.65038, -79.37459), 

(43.65046, -79.37462), (43.65072, -79.37473), (43.65117, -79.37492), (43.65181, -79.37519), (43.65245, -79.37546), 

(43.6524491, -79.3754597), (43.6524491, -79.3754597), (43.65245, -79.37546), (43.65236, -79.37588), (43.65225, -79.37636), 

(43.6522, -79.37658), (43.65195, -79.37776), (43.65178, -79.37853), (43.65169, -79.37896), (43.65157, -79.37954), 

(43.6515, -79.37985), (43.65144, -79.38009), (43.65131, -79.3807), (43.65117, -79.3813), (43.65088, -79.38264), (43.65057, -79.38403), 

(43.65045, -79.38459), (43.65022, -79.38563), (43.65012, -79.38611), (43.65005, -79.38644), (43.64996, -79.38682), (43.6499, -79.38713),  

(43.64978, -79.38769), (43.6496, -79.38849), (43.64946, -79.38915), (43.64924, -79.39019), (43.64911, -79.39077), (43.6491095, -79.3907737), 

(43.6491095, -79.3907737), (43.64911, -79.39077), (43.64945, -79.39091), (43.64955, -79.39095), (43.6497, -79.391), (43.64987, -79.39107), 

(43.6498656, -79.3910745), (43.6498656, -79.3910745), (43.64987, -79.39107), (43.64964, -79.39212), (43.6496392, -79.39211639999999), 

(43.6496392, -79.39211639999999), (43.64964, -79.39212), (43.64997, -79.39226), (43.65012, -79.39232), (43.65028, -79.39239), 

(43.65087, -79.39262), (43.65098, -79.39267), (43.65178, -79.39299), (43.65187, -79.39303), (43.65269, -79.39337), (43.65274, -79.39339), 

(43.65351, -79.39371), (43.65381, -79.39382), (43.65417, -79.39398), (43.65432, -79.39403), (43.6548, -79.39424), (43.65577, -79.39463), 
(43.65697, -79.39513), (43.65812, -79.3956), (43.65829, -79.39568), (43.65841, -79.39574), (43.6585, -79.39577), (43.65871, -79.39587), 
(43.6587134, -79.3958657), (43.6587134, -79.3958657), (43.65871, -79.39587), (43.65869, -79.39602), (43.6586, -79.3965), (43.6585, -79.39695),
 (43.65849, -79.39701), (43.65847, -79.39712), (43.65826, -79.39817), (43.6582, -79.39847), (43.65812, -79.39889), (43.6581, -79.39897), 
 (43.65802, -79.39941), (43.65796, -79.39969), (43.65795, -79.39974), (43.65794, -79.39978), (43.65794, -79.39982), (43.65794, -79.39986), 
 (43.65794, -79.39992), (43.65795, -79.40015), (43.65794, -79.40022), (43.65794, -79.40027), (43.65793, -79.40032), (43.65793, -79.40036), 
 (43.65792, -79.40041), (43.6579, -79.40053), (43.65785, -79.40074), (43.6578, -79.40103), (43.65776, -79.40119), (43.65771, -79.40146), 
 (43.65763, -79.40181), (43.65761, -79.4019), (43.65752, -79.40234), (43.65743, -79.40276), (43.6574, -79.40295), (43.65739, -79.40301), 
 (43.65735, -79.40317), (43.65723, -79.40379), (43.65718, -79.40403), (43.6571, -79.40449), (43.65697, -79.40516), (43.65695, -79.40523), 
 (43.65683, -79.40583), (43.65671, -79.40647), (43.65668, -79.40661), (43.6566821, -79.40661419999999)]